22
-1 50 51 100 84 27 3 24 54 18 55 97 6 85 6 63 31 4 26 34 40 60
29 -1 51 70 78 20 35 92 3 78 99 97 80 83 6 31 47 16 89 49 8 10
76 64 -1 61 73 15 30 42 88 88 87 90 2 16 3 90 46 20 51 30 46 65
10 29 64 -1 69 4 92 54 9 66 19 73 40 85 36 40 69 88 4 18 44 91
56 56 44 22 -1 39 63 49 56 80 37 40 92 26 74 40 49 74 78 92 98 97
37 92 81 34 63 -1 52 11 74 21 54 52 91 63 76 95 46 38 46 89 44 69
33 38 83 100 8 52 -1 4 4 10 55 4 77 49 29 83 49 25 50 60 72 51
66 91 20 83 42 83 11 -1 20 57 88 47 83 88 95 38 79 56 67 74 32 94
89 31 69 71 47 70 39 69 -1 18 20 42 66 91 15 30 95 10 96 18 36 6
2 59 66 52 61 1 9 51 23 -1 17 91 87 87 62 16 89 83 42 52 59 88
51 78 65 23 71 3 38 14 36 33 -1 34 56 52 80 56 77 64 90 76 37 89
34 88 34 8 5 82 40 42 31 16 41 -1 75 31 51 49 96 28 33 28 79 58
10 85 54 86 32 5 78 41 38 65 33 32 -1 34 40 37 44 63 12 12 50 73
18 25 54 62 48 21 19 81 72 97 14 77 94 -1 17 88 24 70 22 41 28 10
60 35 54 44 55 39 9 32 15 42 2 65 90 69 -1 78 73 88 5 87 22 21
41 74 75 86 7 64 3 93 99 83 100 10 49 28 91 -1 14 92 99 55 11 81
59 31 68 38 14 96 67 28 75 31 24 76 86 11 68 77 -1 67 13 93 53 35
89 88 92 60 36 76 9 80 58 89 64 55 46 41 48 28 80 -1 94 18 88 55
92 85 61 11 100 51 7 12 44 44 92 19 21 98 1 8 83 57 -1 39 81 100
32 87 10 28 90 74 82 59 82 96 93 52 41 87 38 76 30 38 87 -1 38 12
94 22 69 86 29 6 86 71 97 79 21 43 39 98 66 54 45 13 20 11 -1 77
18 16 8 19 49 26 28 5 34 50 61 53 91 85 88 2 43 50 85 46 40 -1